[  0   7  11  16  33 126 128 129 131 132 133 179 183 190 192 193 195 198
 205 209 211 214 216 225 234 235 236 244 249 255 348 351 370 375 376 378
 438 444 446 448 449 451 452 453 454 461 464]
[  1   2   3   5   6   8   9  10  19  20  21  22  27  28  29  30  31  32
  35  43  46  91 127 136 139 141 145 161 174 176 177 185 243 263 264 266
 267 377 394 401 428 442 447 565 579 586 587]
[  4  12  14  15  17  18  23  24  25  26  41  44  49  50  51  53  55  61
  63  66  68  70  73  77  80  84  87  89  90  92  94 100 110 113 116 118
 119 120 134 135 137 138 140 143 144 146 147 148 149 150 151 152 153 154
 155 156 157 158 159 160 162 163 164 165 166 167 168 169 170 171 172 173
 175 178 180 181 182 184 186 187 188 189 191 196 201 206 208 210 212 213
 215 217 218 219 220 222 223 224 226 227 228 229 230 231 232 233 237 238
 239 240 241 242 252 253 259 261 262 268 269 270 271 272 273 274 275 276
 277 278 279 280 281 284 286 287 288 289 292 293 294 295 296 297 298 299
 300 301 303 304 305 307 308 309 310 311 312 313 314 317 320 323 324 327
 332 333 335 340 343 344 346 349 350 352 353 354 355 357 358 360 361 362
 364 365 366 368 371 372 373 379 381 384 385 386 387 388 397 402 403 404
 407 409 410 411 412 413 414 415 417 433 435 439 455 456 468 470 472 473
 474 475]
[ 13  34  36  37  38  39  42  56  93 114 115 130 142 194 197 199 200 202
 203 204 207 221 245 246 247 248 250 251 254 256 257 258 260 265 282 283
 285 291 306 318 319 321 322 325 326 328 329 330 331 334 336 347 359 369
 380 382 391 393 396 398 399 400 405 408 416 436 440 441 450 457 459 462
 463 469]
[ 40 477 478 479 480 481 482 483 485 498 499 500 501 503 506 507 512 518
 520 521 522 523 524 525 526 527 528 531 532 536 537 538 544 546 547 548
 549 550 551 552 554 555 556 557 564 566 569 578 580 581 583 585 588]
[ 45  47  48  52  54  57  58  59  60  62  64  65  67  69  71  72  74  75
  76  78  79  81  82  83  85  86  88  95  96  97  98  99 101 102 103 104
 105 106 107 108 109 111 112 117 121 122 123 124 125 367 563]
[290 302 315 316 337 338 339 341 342 345 356 363 374 383 389 390 392 395
 406 418 419 420 421 422 423 424 425 426 427 429 430 431 432 434 437 443
 445 458 460 466 471 476]
[465 467 484 486 487 488 489 490 491 492 493 494 495 496 497 502 504 505
 508 509 510 511 513 514 515 516 517 519 529 530 533 534 535 539 540 541
 542 543 545 553 558 559 560 561 562 567 568 570 571 572 573 574 575 576
 577 582 584]
