[  4   9  14  15  30  66 115 130 190 228 266 287 293 302 304 309 311 312
 313 315 329 333 337 338 342 346 347 359 367 368 380 382 383 390 393 394
 395 396 401 409 412 418 423]
[  1   2   5   6   8  12  13  19  46  54  59  71  74  80  82  94  98 109
 110 112 113 117 188 199 201 210 269 270 272 273 274 275 276 277 387]
[  0  11  22  24  25  26  27  32  33  34  35  38  41  43  53  64  72  73
  75  87  93 119 129 135 136 138 149 150 159 160 163 164 171 174 175 176
 181 184 189 191 197 202 216 217 219 222 225 226 227 229 232 233 234 235
 241 248 252 254 255 256 258 259 260 261 262 278 282 289 316 326 328 356
 363 365 385 397 413 415 416 422 429 439 441 458 508 509 511 586]
[  7  16  20  28  37  39  40  42  56 105 116 118 124 134 137 170 172 194
 198 204 213 239 246 285 290 291 292 297 298 301 307 318 323 330 332 339
 340 341 343 345 348 355 361 374 376 384 389 391 400 406 410 419 420 421
 425 427 428 431 434 436 453 465]
[ 17 120 123 128 131 132 133 177 179 182 183 192 193 195 196 203 205 206
 207 208 209 211 214 221 231 236 237 238 242 244 245 247 249 250 257 263
 264 265 279 280 288 294 300 308 317 319 331 335 344 349 350 351 352 358
 360 369 370 375 378 379 381 388 398 399 402 405 408 424 426 438 440 444
 446 447 451 452 461 464 471 472]
[  3  10  21  23  45  48  49  50  51  52  57  58  60  61  62  65  67  68
  69  76  77  79  81  83  84  85  90  91  92  95  96  97  99 100 104 106
 111 121 125 139 144 155 156 212 224 243 268 281 283 295 303 305 306 320
 322 327 336 354 433 445 456 457 463 474]
[ 18  29  31  36  47  55  63  78  86 101 107 108 114 122 126 143 162 178
 180 185 186 187 200 215 218 220 223 240 251 267 286 296 299 310 314 321
 324 325 334 353 357 362 364 371 373 386 392 403 404 407 411 414 417 430
 432 437 442 443 448 449 450 454 455 459 460 462 466 475 476 506 510 561
 564 565 576 582]
[ 44  70  88  89 102 103 127 140 141 142 145 146 147 148 151 152 153 154
 157 158 161 165 166 167 168 169 173 230 253 271 284 366 372 377 435 467
 468 469 470 473 477 478 479 480 481 482 483 484 485 486 487 488 489 490
 491 492 493 494 495 496 497 498 499 500 501 502 503 504 505 507 512 513
 514 515 516 517 518 519 520 521 522 523 524 525 526 527 528 529 530 531
 532 533 534 535 536 537 538 539 540 541 542 543 544 545 546 547 548 549
 550 551 552 553 554 555 556 557 558 559 560 562 563 566 567 568 569 570
 571 572 573 574 575 577 578 579 580 581 583 584 585 587 588]
